"Player","League","Cup","Europa
League","Total"
"Spas Delev","13","7","2","22"
"Marquinhos","9","1","3","13"
"Michel Platini","10","0","0","10"
"Cillian Sheridan","4","2","1","7"
"Giuseppe Aquaro","3","0","2","5"
"Gregory Nelson","3","0","1","4"
"Rumen Trifonov","2","0","1","3"
"Aleksandar Tonev","2","0","0","2"
"Apostol Popov","2","0","0","2"
"Emil Gargorov","2","0","0","2"
"Todor Yanchev","0","1","1","2"
"Stanislav Kostov","1","0","0","1"
"Kostadin Stoyanov","1","0","0","1"
"Boris Galchev","1","0","0","1"
"Pavel Vidanov","0","0","1","1"
"Tomislav Kostadinov","0","0","1","1"
"Christian Tiboni","0","0","1","1"
"Total","53","11","14","78"
